# clustering cumul_peers
0.07142857142857142 1
0.08928571428571429 2
0.10714285714285714 3
0.125 4
0.125 5
0.125 6
0.16071428571428573 7
0.16071428571428573 8
0.16071428571428573 9
0.16071428571428573 10
0.17857142857142858 11
0.19642857142857142 12
0.19642857142857142 13
0.19642857142857142 14
0.21428571428571427 15
0.21428571428571427 16
0.21428571428571427 17
0.21428571428571427 18
0.21428571428571427 19
0.21428571428571427 20
0.21428571428571427 21
0.21428571428571427 22
0.23214285714285715 23
0.23214285714285715 24
0.23214285714285715 25
0.23214285714285715 26
0.23214285714285715 27
0.23214285714285715 28
0.25 29
0.25 30
0.25 31
0.26785714285714285 32
0.26785714285714285 33
0.26785714285714285 34
0.26785714285714285 35
0.26785714285714285 36
0.2857142857142857 37
0.2857142857142857 38
0.30357142857142855 39
0.30357142857142855 40
0.30357142857142855 41
0.30357142857142855 42
0.32142857142857145 43
0.32142857142857145 44
0.32142857142857145 45
0.32142857142857145 46
0.3392857142857143 47
0.375 48
0.375 49
0.375 50
