0 1 0.025 0
5 2 0.05 0
5 3 0.075 0
5 4 0.1 0
6 5 0.125 0
6 6 0.15 0
6 7 0.175 0
7 7 0.175 1
7 8 0.2 1
7 9 0.225 1
7 10 0.25 1
7 11 0.275 1
7 12 0.3 1
8 12 0.3 2
8 12 0.3 3
8 13 0.325 3
9 14 0.35 3
9 15 0.375 3
9 15 0.375 4
9 16 0.4 4
9 17 0.425 4
9 17 0.425 5
9 17 0.425 6
9 18 0.45 6
9 19 0.475 6
9 20 0.5 6
9 21 0.525 6
9 21 0.525 7
9 22 0.55 7
9 23 0.575 7
9 24 0.6 7
10 25 0.625 7
10 25 0.625 8
10 25 0.625 9
10 26 0.65 9
10 27 0.675 9
10 28 0.7 9
10 28 0.7 10
10 28 0.7 11
10 29 0.725 11
10 29 0.725 12
10 29 0.725 13
10 29 0.725 14
10 29 0.725 15
10 29 0.725 16
10 30 0.75 16
10 31 0.775 16
10 31 0.775 17
10 32 0.8 17
11 32 0.8 18
11 32 0.8 19
11 32 0.8 20
11 32 0.8 21
11 32 0.8 22
11 33 0.825 22
11 33 0.825 23
11 33 0.825 24
11 33 0.825 25
12 33 0.825 26
12 33 0.825 27
12 33 0.825 28
12 33 0.825 29
12 33 0.825 30
12 33 0.825 31
12 33 0.825 32
12 33 0.825 33
12 33 0.825 34
12 33 0.825 35
12 33 0.825 36
12 33 0.825 37
12 33 0.825 38
12 33 0.825 39
12 33 0.825 40
12 33 0.825 41
12 33 0.825 42
12 33 0.825 43
12 33 0.825 44
12 33 0.825 45
12 33 0.825 46
13 33 0.825 47
13 33 0.825 48
13 33 0.825 49
13 33 0.825 50
13 33 0.825 51
13 33 0.825 52
13 33 0.825 53
13 33 0.825 54
13 33 0.825 55
13 33 0.825 56
13 34 0.85 56
13 34 0.85 57
13 34 0.85 58
13 35 0.875 58
13 35 0.875 59
13 35 0.875 60
13 35 0.875 61
13 35 0.875 62
14 35 0.875 63
14 35 0.875 64
14 35 0.875 65
14 35 0.875 66
14 35 0.875 67
14 36 0.9 67
14 36 0.9 68
14 36 0.9 69
14 36 0.9 70
14 36 0.9 71
14 36 0.9 72
14 36 0.9 73
14 36 0.9 74
14 36 0.9 75
14 37 0.925 75
15 38 0.95 75
15 38 0.95 76
15 38 0.95 77
15 38 0.95 78
15 38 0.95 79
15 38 0.95 80
15 38 0.95 81
15 38 0.95 82
15 38 0.95 83
15 38 0.95 84
15 38 0.95 85
15 38 0.95 86
15 38 0.95 87
15 38 0.95 88
15 38 0.95 89
15 38 0.95 90
15 38 0.95 91
15 38 0.95 92
16 38 0.95 93
16 38 0.95 94
16 38 0.95 95
16 38 0.95 96
16 38 0.95 97
16 38 0.95 98
16 38 0.95 99
16 38 0.95 100
16 38 0.95 101
16 38 0.95 102
16 38 0.95 103
16 38 0.95 104
16 38 0.95 105
16 38 0.95 106
16 38 0.95 107
16 38 0.95 108
16 38 0.95 109
16 38 0.95 110
17 38 0.95 111
17 38 0.95 112
17 38 0.95 113
17 38 0.95 114
17 38 0.95 115
17 38 0.95 116
17 38 0.95 117
17 38 0.95 118
17 38 0.95 119
17 38 0.95 120
17 38 0.95 121
17 38 0.95 122
18 38 0.95 123
18 38 0.95 124
18 38 0.95 125
18 38 0.95 126
18 38 0.95 127
18 38 0.95 128
18 38 0.95 129
18 38 0.95 130
18 38 0.95 131
18 38 0.95 132
18 38 0.95 133
18 38 0.95 134
18 38 0.95 135
18 38 0.95 136
18 38 0.95 137
18 38 0.95 138
18 38 0.95 139
18 39 0.975 139
18 39 0.975 140
18 39 0.975 141
18 39 0.975 142
19 39 0.975 143
19 39 0.975 144
19 39 0.975 145
19 39 0.975 146
19 39 0.975 147
19 39 0.975 148
19 39 0.975 149
19 39 0.975 150
19 39 0.975 151
19 39 0.975 152
19 39 0.975 153
19 39 0.975 154
20 39 0.975 155
20 39 0.975 156
20 39 0.975 157
20 39 0.975 158
20 39 0.975 159
20 39 0.975 160
20 39 0.975 161
20 39 0.975 162
20 39 0.975 163
21 39 0.975 164
21 39 0.975 165
21 39 0.975 166
21 39 0.975 167
21 39 0.975 168
21 39 0.975 169
22 39 0.975 170
22 39 0.975 171
22 39 0.975 172
